$MeshFormat
2.2 0 8
$EndMeshFormat
$Nodes
45
1 0.0000000000000000e+00 0.0000000000000000e+00 0.0000000000000000e+00
2 0.0000000000000000e+00 1.0000000000000000e+00 0.0000000000000000e+00
3 1.0000000000000000e+00 1.0000000000000000e+00 0.0000000000000000e+00
4 1.0000000000000000e+00 0.0000000000000000e+00 0.0000000000000000e+00
5 0.0000000000000000e+00 7.9999999999999982e-01 0.0000000000000000e+00
6 0.0000000000000000e+00 6.0000000000138687e-01 0.0000000000000000e+00
7 0.0000000000000000e+00 4.0000000000166441e-01 0.0000000000000000e+00
8 0.0000000000000000e+00 2.0000000000083221e-01 0.0000000000000000e+00
9 1.0000000000000000e+00 7.9999999999999982e-01 0.0000000000000000e+00
10 1.0000000000000000e+00 6.0000000000138687e-01 0.0000000000000000e+00
11 1.0000000000000000e+00 4.0000000000166441e-01 0.0000000000000000e+00
12 1.0000000000000000e+00 2.0000000000083221e-01 0.0000000000000000e+00
13 1.9999999999955789e-01 1.0000000000000000e+00 0.0000000000000000e+00
14 3.9999999999897490e-01 1.0000000000000000e+00 0.0000000000000000e+00
15 5.9999999999894682e-01 1.0000000000000000e+00 0.0000000000000000e+00
16 7.9999999999947335e-01 1.0000000000000000e+00 0.0000000000000000e+00
17 1.9999999999955789e-01 0.0000000000000000e+00 0.0000000000000000e+00
18 3.9999999999897490e-01 0.0000000000000000e+00 0.0000000000000000e+00
19 5.9999999999894682e-01 0.0000000000000000e+00 0.0000000000000000e+00
20 7.9999999999947335e-01 0.0000000000000000e+00 0.0000000000000000e+00
21 1.5808081046768910e-01 4.8813836629466900e-01 0.0000000000000000e+00
22 8.2679492015907041e-01 4.9999999999854111e-01 0.0000000000000000e+00
23 4.9033209483673279e-01 1.6275515614658839e-01 0.0000000000000000e+00
24 4.9033209457129429e-01 8.3724484374838326e-01 0.0000000000000000e+00
25 8.3064559148884576e-01 3.0084747454776162e-01 0.0000000000000000e+00
26 6.7058071036282829e-01 3.9643998320077611e-01 0.0000000000000000e+00
27 6.7277074343433396e-01 6.0310792647676714e-01 0.0000000000000000e+00
28 4.8038475915250278e-01 5.0000000052043891e-01 0.0000000000000000e+00
29 8.3037755836039340e-01 6.9952949790221786e-01 0.0000000000000000e+00
30 1.4826306269725339e-01 3.0007817939178238e-01 0.0000000000000000e+00
31 1.9160132961856341e-01 6.8192028459978715e-01 0.0000000000000000e+00
32 6.8586588442130925e-01 8.1776560346209826e-01 0.0000000000000000e+00
33 6.8386071529063897e-01 1.8810036453739359e-01 0.0000000000000000e+00
34 3.0619019890948451e-01 8.3803056534295051e-01 0.0000000000000000e+00
35 2.9434298557261779e-01 1.9125960912222781e-01 0.0000000000000000e+00
36 4.0047660694122328e-01 3.3579115331049580e-01 0.0000000000000000e+00
37 3.8953001242628371e-01 6.7956636944159865e-01 0.0000000000000000e+00
38 3.2679491994847631e-01 5.3045229931596793e-01 0.0000000000000000e+00
39 8.5358983800899024e-01 1.4641016199109169e-01 0.0000000000000000e+00
40 1.4641016212092170e-01 1.4641016160600659e-01 0.0000000000000000e+00
41 1.4641016079764671e-01 8.5358983868697846e-01 0.0000000000000000e+00
42 8.5358983909580677e-01 8.5358983794686871e-01 0.0000000000000000e+00
43 5.4187677126497125e-01 3.1024977573492418e-01 0.0000000000000000e+00
44 5.4187677090528330e-01 6.8975022458496904e-01 0.0000000000000000e+00
45 2.7275788932757722e-01 3.9076805609514720e-01 0.0000000000000000e+00
$EndNodes
$Elements
88
1 1 2 0 1 2 5
2 1 2 0 1 5 6
3 1 2 0 1 6 7
4 1 2 0 1 7 8
5 1 2 0 1 8 1
6 1 2 1 2 3 9
7 1 2 1 2 9 10
8 1 2 1 2 10 11
9 1 2 1 2 11 12
10 1 2 1 2 12 4
11 1 2 3 3 2 13
12 1 2 3 3 13 14
13 1 2 3 3 14 15
14 1 2 3 3 15 16
15 1 2 3 3 16 3
16 1 2 2 4 1 17
17 1 2 2 4 17 18
18 1 2 2 4 18 19
19 1 2 2 4 19 20
20 1 2 2 4 20 4
21 2 2 10 5 26 33 25
22 2 2 10 5 29 32 27
23 2 2 10 5 31 38 37
24 2 2 10 5 31 37 34
25 2 2 10 5 26 43 33
26 2 2 10 5 32 44 27
27 2 2 10 5 35 45 30
28 2 2 10 5 36 45 35
29 2 2 10 5 21 38 31
30 2 2 10 5 7 21 6
31 2 2 10 5 7 30 21
32 2 2 10 5 8 30 7
33 2 2 10 5 22 29 27
34 2 2 10 5 27 28 26
35 2 2 10 5 21 31 6
36 2 2 10 5 11 25 12
37 2 2 10 5 22 27 26
38 2 2 10 5 10 22 11
39 2 2 10 5 14 24 15
40 2 2 10 5 19 23 18
41 2 2 10 5 6 31 5
42 2 2 10 5 10 29 22
43 2 2 10 5 22 25 11
44 2 2 10 5 22 26 25
45 2 2 10 5 9 29 10
46 2 2 10 5 15 32 16
47 2 2 10 5 20 33 19
48 2 2 10 5 13 34 14
49 2 2 10 5 18 35 17
50 2 2 10 5 14 34 24
51 2 2 10 5 19 33 23
52 2 2 10 5 24 32 15
53 2 2 10 5 23 35 18
54 2 2 10 5 12 39 4
55 2 2 10 5 4 39 20
56 2 2 10 5 1 40 8
57 2 2 10 5 17 40 1
58 2 2 10 5 16 42 3
59 2 2 10 5 3 42 9
60 2 2 10 5 2 41 13
61 2 2 10 5 5 41 2
62 2 2 10 5 28 38 36
63 2 2 10 5 23 36 35
64 2 2 10 5 34 37 24
65 2 2 10 5 28 43 26
66 2 2 10 5 27 44 28
67 2 2 10 5 38 45 36
68 2 2 10 5 33 43 23
69 2 2 10 5 24 44 32
70 2 2 10 5 36 43 28
71 2 2 10 5 28 44 37
72 2 2 10 5 32 42 16
73 2 2 10 5 20 39 33
74 2 2 10 5 13 41 34
75 2 2 10 5 35 40 17
76 2 2 10 5 25 39 12
77 2 2 10 5 8 40 30
78 2 2 10 5 31 41 5
79 2 2 10 5 9 42 29
80 2 2 10 5 30 45 21
81 2 2 10 5 29 42 32
82 2 2 10 5 34 41 31
83 2 2 10 5 33 39 25
84 2 2 10 5 30 40 35
85 2 2 10 5 37 38 28
86 2 2 10 5 23 43 36
87 2 2 10 5 37 44 24
88 2 2 10 5 21 45 38
$EndElements
